((("city" .
   [2 0 0 0])
  ("ans" .
   [1 0 0])
  ("new" .
   [1 0 0])
  ("input_detail" .
   [0 0 0 1 0 2 1 0 0 0 0 0])
  ("input" .
   [6 0 0 0 0])
  ("rake" .
   [2 0 0 0])
  ("gets" .
   [0 0 0 2])
  ("get_mat" .
   [1 0 0 1 0 0 0])
  ("need_mat" .
   [2 0 0 0 0 0 0 0])
  ("needs" .
   [1 0 0 0 0])
  ("end" .
   [0 0 1])
  ("END" .
   [0 0 1])
  ("java-mode" .
   [0 0 0 1 0 0 0 0 0])
  ("add-hook" .
   [0 0 0 0 1 0 0 0])
  ("dice" .
   [2 0 0 0])
  ("pos" .
   [8 0 0])
  ("to_i" .
   [6 0 0 0])
  ("each" .
   [1 0 0 0])
  ("length" .
   [4 0 0 0 0 0])
  ("each_with_index" .
   [0 0 0 0 0 1 0 0 0 0 0 0 0 0 0])))
